9
4
150
2 0.10 0.73 0.82 36
2 0.21 0.36 0.62 15
2 0.43 0.66 0.95 17
2 0.99 0.09 0.73 48
1 a 25 0 103.60
1 b 7 3 80.73
1 c 24 2 15.94
1 d 20 1 97.43
1 e 41 1 196.02
1 f 15 2 193.98
1 g 54 3 157.83
1 h 31 3 18.29
1 i 21 2 97.00
5 5 26.77
4 3 4 11
3 3 4 25
5 1 24.86
4 3 6 8
3 8 7 14
8 0 98.70
4 2 7 24
6 3 13.22
7 5 0
6 0 16.13
4 4 0 14
4 2 7 25
6 7 23.96
4 2 1 15
3 1 3 23
4 1 7 4
5 1 19.39
5 1 18.97
3 3 5 21
3 2 0 2
3 3 8 17
4 1 7 20
3 6 0 30
6 1 9.47
8 5 26.03
6 4 18.50
4 7 2 15
8 7 147.37
5 0 17.43
4 2 5 7
8 6 74.63
3 7 0 8
3 8 1 5
5 6 10.86
3 7 2 1
5 3 20.90
3 7 4 9
5 8 0.30
3 4 5 4
5 1 6.20
8 3 6.32
4 7 3 2
4 0 8 18
5 6 11.29
5 6 20.43
3 7 3 1
3 4 2 9
4 4 7 15
7 7 3
7 2 0
5 5 6.22
8 2 173.80
5 8 9.86
6 2 27.91
5 7 25.07
3 2 4 22
3 3 1 3
5 3 21.33
7 7 3
3 2 7 23
5 4 6.04
5 2 9.93
5 0 8.47
6 2 20.89
8 5 125.87
4 1 3 16
4 4 1 9
4 4 1 7
8 0 93.74
5 7 22.20
5 7 20.42
4 8 0 12
8 7 138.29
6 0 3.68
3 2 6 11
6 8 1.83
3 6 0 4
5 8 6.67
4 6 5 1
4 6 7 5
5 7 0.72
8 3 193.53
7 3 1
6 3 16.84
3 0 4 23
4 0 5 20
6 6 9.25
6 0 2.46
7 7 0
4 2 0 14
6 6 8.82
4 5 1 6
3 6 3 13
5 2 28.90
4 7 0 1
6 7 19.61
6 1 9.66
6 2 24.31
3 2 7 5
4 3 1 9
3 8 2 7
5 1 22.34
3 0 4 8
5 5 20.11
5 0 26.85
4 5 0 2
6 2 27.44
3 6 2 24
4 7 0 2
5 0 18.22
3 0 1 20
3 6 1 4
6 7 17.73
4 6 1 2
3 5 8 3
3 4 3 8
3 3 1 14
3 5 3 18
3 7 5 3
4 5 3 22
5 5 1.04
8 2 148.14
5 3 0.25
6 8 7.44
7 7 2
6 5 38.22
5 6 4.73
4 2 4 10
3 8 1 22
5 0 17.34
5 5 4.92
4 8 3 10
6 8 21.86
3 5 7 9
5 0 28.06
3 4 1 9
