8
11
450
2 0.18 0.20 0.08 43
2 0.10 0.65 0.90 51
2 0.61 0.39 0.90 52
2 0.12 0.76 0.25 7
2 0.30 0.17 0.12 23
2 0.67 0.93 0.98 46
2 0.59 0.28 0.24 37
2 0.05 0.57 0.51 38
2 0.30 0.46 0.74 19
2 0.65 0.86 0.72 9
2 0.88 0.66 0.40 9
1 nb 52 6 157.49
1 cof 67 0 175.96
1 rlhdg 72 8 91.15
1 hpb 52 0 197.52
1 slput 56 1 34.41
1 djsyns 4 3 99.16
1 aj 74 6 93.63
1 nimb 1 3 93.70
5 0 12.07
5 5 6.40
5 1 26.53
5 6 18.73
6 0 5.99
5 4 3.01
5 7 25.85
3 1 0 7
3 7 5 15
3 5 3 12
4 4 3 24
4 4 3 25
7 4 8
4 1 2 22
4 0 2 14
6 3 19.34
4 1 3 13
3 4 1 5
6 5 22.05
4 5 6 21
4 2 1 14
3 5 4 26
3 2 0 18
6 5 38.93
5 0 0.31
4 2 6 23
8 6 142.83
6 2 32.83
6 3 36.80
6 5 5.69
5 4 16.24
3 0 3 10
3 7 1 18
3 4 1 22
5 0 14.39
5 5 24.38
7 4 0
7 1 2
3 4 6 28
6 7 15.22
7 7 5
7 2 7
3 2 0 9
3 1 5 25
3 6 1 27
7 7 1
6 4 5.49
6 6 37.92
4 6 2 16
4 5 0 23
3 1 6 8
6 7 34.58
5 7 23.69
4 7 0 19
5 1 25.93
4 6 4 23
4 6 5 18
3 2 1 14
3 0 4 27
5 0 17.33
4 3 6 13
4 0 3 7
5 7 24.44
4 5 4 25
5 6 0.73
4 6 1 18
3 1 4 20
5 7 14.20
8 3 89.36
7 4 10
5 4 14.01
4 2 4 14
3 5 2 3
6 0 9.26
3 7 2 14
5 3 22.59
5 7 18.03
4 6 7 7
4 2 3 12
3 1 4 18
4 3 6 25
4 1 0 10
6 3 30.94
5 7 4.00
5 6 29.47
4 6 4 2
7 4 7
6 3 11.97
6 3 34.97
4 5 1 2
4 2 4 15
5 5 2.67
4 4 2 3
4 7 5 5
4 5 0 16
5 0 15.89
6 3 37.70
6 7 12.06
5 4 11.53
7 1 1
4 1 4 25
5 6 5.51
4 0 1 19
3 7 5 14
5 4 23.68
6 0 17.42
5 0 4.19
4 6 7 14
4 6 4 14
4 6 7 16
3 3 6 29
4 2 4 11
5 0 4.93
6 3 38.95
8 0 70.72
4 6 1 4
5 2 15.51
3 1 2 9
5 6 14.18
3 1 2 16
5 7 28.64
3 5 3 5
6 6 22.67
3 0 1 2
6 0 7.99
4 3 0 18
6 3 2.11
6 6 12.44
5 5 8.82
4 7 2 24
4 5 7 20
3 7 6 19
6 0 12.92
8 3 180.56
4 1 3 7
4 4 7 12
8 1 106.76
6 4 25.82
3 0 5 25
7 5 4
4 3 1 7
5 1 6.11
7 2 0
6 5 1.08
4 3 4 3
3 2 6 11
6 1 24.71
5 7 9.74
5 6 19.79
7 6 2
6 4 5.97
4 5 7 16
3 3 1 1
3 5 4 19
6 1 12.45
3 0 1 23
3 0 6 18
6 4 2.64
6 3 19.26
5 7 28.12
5 6 5.97
4 1 6 8
5 2 12.63
4 2 7 17
5 0 12.17
3 4 6 3
5 5 22.70
5 1 19.23
4 2 7 16
4 1 4 24
6 0 30.70
6 1 16.18
6 6 10.84
5 1 4.82
6 4 3.91
4 5 2 14
6 7 21.19
4 3 4 13
4 4 2 25
6 3 22.18
6 0 0.24
4 3 1 7
4 1 5 11
4 4 2 1
5 2 16.14
6 5 0.33
3 3 2 19
3 5 3 3
3 2 5 5
6 3 3.82
4 7 2 2
5 4 16.30
3 6 0 23
3 1 0 7
6 0 4.60
5 1 23.96
6 3 37.49
4 4 2 11
3 7 3 29
3 4 6 23
5 7 19.01
5 4 28.21
3 3 0 1
4 6 5 1
5 7 21.17
3 6 1 14
8 7 114.88
3 3 5 5
4 5 3 3
5 4 16.56
4 0 7 7
6 4 24.24
4 3 6 5
3 7 3 26
7 0 3
5 3 28.34
3 7 3 5
6 1 7.29
3 4 2 25
4 3 4 15
6 3 25.70
5 6 19.29
5 3 3.71
6 3 23.08
4 7 5 4
4 1 4 2
4 1 0 2
7 3 7
6 7 9.67
6 7 21.30
5 1 8.57
6 2 3.71
5 5 17.78
5 1 10.69
5 0 19.73
5 4 11.52
4 4 6 22
4 3 7 15
7 4 3
3 1 6 8
3 0 2 23
3 7 1 8
6 3 0.61
5 5 23.98
8 5 166.90
3 7 4 1
5 3 21.75
5 5 0.82
3 1 7 10
5 5 19.29
6 0 18.78
8 7 17.26
6 7 18.09
5 0 23.96
5 0 24.16
6 5 12.74
8 0 72.93
5 6 11.82
7 2 0
5 4 23.33
8 7 197.01
4 1 2 7
7 4 9
5 7 16.70
3 4 0 25
4 5 7 4
6 3 17.30
3 7 0 18
6 2 37.40
7 0 10
6 4 14.85
8 2 91.38
8 0 150.50
6 1 5.91
5 5 14.83
4 4 0 11
5 7 10.64
6 3 30.62
8 7 115.06
7 4 4
6 4 16.68
4 4 2 13
3 2 4 9
4 4 7 23
4 0 5 4
8 0 164.69
6 3 37.08
3 7 3 26
4 4 3 2
6 5 1.89
3 7 6 17
5 3 5.77
8 5 139.75
6 0 34.83
5 4 19.41
4 3 4 20
4 0 5 23
5 4 27.35
4 7 1 2
5 2 4.29
4 7 2 2
7 4 8
5 3 22.03
7 7 8
6 0 6.83
3 5 0 18
8 1 53.26
5 4 20.25
3 3 2 3
3 4 7 1
5 3 16.21
3 0 5 21
3 7 1 19
7 0 0
4 1 5 18
4 2 6 19
8 3 61.36
4 2 6 24
5 5 24.22
5 3 15.10
4 1 6 21
5 4 10.34
5 7 27.63
5 2 21.40
4 2 1 13
5 1 17.06
6 6 38.69
5 6 20.29
3 1 3 19
5 3 2.58
3 6 2 6
5 5 11.52
8 2 8.47
5 2 9.26
3 0 1 6
7 2 7
6 0 38.05
3 4 0 22
6 1 17.03
3 4 7 10
5 1 5.40
4 3 6 12
8 4 4.47
6 2 32.28
5 4 17.14
3 6 2 24
6 7 15.76
7 0 2
7 6 6
6 3 34.93
6 3 37.77
3 7 5 2
5 0 4.63
4 1 7 25
3 7 1 4
5 7 2.93
5 7 4.16
6 6 34.86
7 0 6
4 6 3 21
5 6 11.13
3 5 4 19
3 2 7 14
3 6 4 14
4 2 7 13
5 6 18.72
7 4 0
6 2 29.50
7 7 2
3 5 4 9
5 7 9.47
4 6 0 17
6 3 36.04
4 1 6 22
5 6 9.42
4 3 5 21
4 4 3 11
8 5 194.33
3 2 7 21
3 0 4 29
3 2 5 17
6 1 10.81
5 7 23.57
3 4 1 6
3 5 4 9
6 1 32.99
5 2 27.08
6 1 27.59
6 3 36.56
6 3 33.44
7 6 7
8 2 79.10
8 5 37.39
4 5 3 23
6 2 14.15
5 6 18.81
4 6 3 17
4 0 4 10
8 4 10.64
6 4 21.09
5 5 16.63
6 1 9.82
7 4 9
8 2 163.06
5 2 2.61
3 5 1 2
4 1 6 19
4 5 3 16
5 2 20.58
4 3 0 7
4 5 7 12
8 2 23.36
6 2 7.90
3 0 6 21
7 5 5
4 7 6 25
4 7 2 3
6 5 16.19
5 2 14.19
7 1 7
5 4 25.51
5 1 26.78
6 5 39.12
8 4 47.02
4 6 4 23
4 1 6 11
4 3 6 17
5 2 7.10
5 2 25.30
4 3 6 14
3 7 5 15
