6
6
50
2 0.16 0.68 0.70 54
2 0.83 0.57 0.64 46
2 0.13 0.38 0.38 31
2 0.71 0.36 0.01 46
2 0.86 0.37 0.82 12
2 0.92 0.75 0.67 40
1 allaire 45 2 23.42
1 thayer 22 3 166.18
1 charlotte 3 0 55.48
1 fleur 73 3 63.22
1 madeleine 36 1 65.77
1 sheryl 9 1 187.96
7 2 4
3 2 4 24
4 1 4 25
4 1 5 11
3 3 0 17
8 4 72.10
4 5 3 9
4 3 4 1
6 3 2.34
7 4 4
8 3 95.88
5 4 15.98
8 1 103.55
4 5 4 5
8 2 154.88
8 1 182.41
5 2 17.52
6 2 0.79
7 0 2
3 3 0 2
4 3 1 16
7 2 0
6 3 0.18
6 1 4.03
5 1 13.05
6 5 18.52
8 2 80.51
7 1 5
6 4 15.06
6 2 28.56
6 0 4.11
5 2 3.62
7 3 1
7 5 3
7 0 1
4 1 3 14
6 2 20.72
6 1 20.77
